    5008 3971530.436 1019551.186 4869515.095
    501 3971192.687 1020006.460 4869669.444
    5081 3971560.410 1019572.011 4869487.188
    513 3971290.429 1019837.283 4869632.379
    524 3971434.630 1019827.599 4869532.704
    541 3971533.963 1019840.555 4869431.141
    5524 3971529.172 1019751.325 4869472.844
    1002 3971525.035 1019568.890 4869514.182
    1011 3971629.212 1019585.535 4869425.534
    1012 3971274.399 1020051.336 4869589.587
TV01 3972774.4147 1018830.1973 4869495.4499
GOPE 3951766.6675 1047394.0873 4869732.3708


